#Since the F10.7 (3-month avg) of the requested date is not yet available, the value of F10.7 (daily) is used instead as the value of F10.7 (3-monthavg).
#Year Mon Day DOY hour Heit(km) Lat  Lon Oden(cm-3) N2den(cm-3) O2den(cm-3) air(gm/cm3) T(K) exoT(K) Heden(cm-3)Arden(cm-3) Hden(cm-3) Nden(cm-3) F107 F107a apdaily  ap0-3 ap3-6 ap6-9 ap9-12 ap12-33 ap33-59
2024  8 21 234  0.00    0.0   51.9  352.0  9.999E-38  1.940E+19  5.203E+18 1.194E-03  292.3  1196  1.292E+14  2.319E+17  9.999E-38  9.999E-38  238.3  238.3    7.4   18.0    6.0    7.0    9.0   10.4    6.6
2024  8 21 234  0.00    1.0   51.9  352.0  9.999E-38  1.758E+19  4.715E+18 1.082E-03  286.6  1196  1.171E+14  2.102E+17  9.999E-38  9.999E-38  238.3  238.3    7.4   18.0    6.0    7.0    9.0   10.4    6.6
2024  8 21 234  0.00    2.0   51.9  352.0  9.999E-38  1.587E+19  4.254E+18 9.767E-04  281.6  1196  1.057E+14  1.896E+17  9.999E-38  9.999E-38  238.3  238.3    7.4   18.0    6.0    7.0    9.0   10.4    6.6
2024  8 21 234  0.00    3.0   51.9  352.0  9.999E-38  1.428E+19  3.830E+18 8.792E-04  276.8  1196  9.512E+13  1.707E+17  9.999E-38  9.999E-38  238.3  238.3    7.4   18.0    6.0    7.0    9.0   10.4    6.6
2024  8 21 234  0.00    4.0   51.9  352.0  9.999E-38  1.285E+19  3.447E+18 7.912E-04  271.6  1196  8.560E+13  1.536E+17  9.999E-38  9.999E-38  238.3  238.3    7.4   18.0    6.0    7.0    9.0   10.4    6.6
2024  8 21 234  0.00    5.0   51.9  352.0  9.999E-38  1.158E+19  3.105E+18 7.128E-04  265.5  1196  7.711E+13  1.384E+17  9.999E-38  9.999E-38  238.3  238.3    7.4   18.0    6.0    7.0    9.0   10.4    6.6
2024  8 21 234  0.00    6.0   51.9  352.0  9.999E-38  1.044E+19  2.801E+18 6.429E-04  258.4  1196  6.955E+13  1.248E+17  9.999E-38  9.999E-38  238.3  238.3    7.4   18.0    6.0    7.0    9.0   10.4    6.6
2024  8 21 234  0.00    7.0   51.9  352.0  9.999E-38  9.410E+18  2.523E+18 5.793E-04  250.8  1196  6.267E+13  1.125E+17  9.999E-38  9.999E-38  238.3  238.3    7.4   18.0    6.0    7.0    9.0   10.4    6.6
2024  8 21 234  0.00    8.0   51.9  352.0  9.999E-38  8.445E+18  2.265E+18 5.199E-04  243.4  1196  5.624E+13  1.009E+17  9.999E-38  9.999E-38  238.3  238.3    7.4   18.0    6.0    7.0    9.0   10.4    6.6
2024  8 21 234  0.00    9.0   51.9  352.0  9.999E-38  7.534E+18  2.020E+18 4.638E-04  236.7  1196  5.017E+13  9.004E+16  9.999E-38  9.999E-38  238.3  238.3    7.4   18.0    6.0    7.0    9.0   10.4    6.6
2024  8 21 234  0.00   10.0   51.9  352.0  9.999E-38  6.670E+18  1.789E+18 4.106E-04  231.1  1196  4.442E+13  7.972E+16  9.999E-38  9.999E-38  238.3  238.3    7.4   18.0    6.0    7.0    9.0   10.4    6.6
2024  8 21 234  0.00   11.0   51.9  352.0  9.999E-38  5.856E+18  1.570E+18 3.605E-04  226.8  1196  3.900E+13  6.999E+16  9.999E-38  9.999E-38  238.3  238.3    7.4   18.0    6.0    7.0    9.0   10.4    6.6
2024  8 21 234  0.00   12.0   51.9  352.0  9.999E-38  5.105E+18  1.369E+18 3.143E-04  223.7  1196  3.400E+13  6.101E+16  9.999E-38  9.999E-38  238.3  238.3    7.4   18.0    6.0    7.0    9.0   10.4    6.6
2024  8 21 234  0.00   13.0   51.9  352.0  9.999E-38  4.425E+18  1.187E+18 2.724E-04  221.4  1196  2.947E+13  5.289E+16  9.999E-38  9.999E-38  238.3  238.3    7.4   18.0    6.0    7.0    9.0   10.4    6.6
2024  8 21 234  0.00   14.0   51.9  352.0  9.999E-38  3.819E+18  1.024E+18 2.351E-04  219.9  1196  2.543E+13  4.564E+16  9.999E-38  9.999E-38  238.3  238.3    7.4   18.0    6.0    7.0    9.0   10.4    6.6
2024  8 21 234  0.00   15.0   51.9  352.0  9.999E-38  3.284E+18  8.807E+17 2.022E-04  219.0  1196  2.187E+13  3.925E+16  9.999E-38  9.999E-38  238.3  238.3    7.4   18.0    6.0    7.0    9.0   10.4    6.6
2024  8 21 234  0.00   16.0   51.9  352.0  9.999E-38  2.818E+18  7.557E+17 1.735E-04  218.4  1196  1.877E+13  3.368E+16  9.999E-38  9.999E-38  238.3  238.3    7.4   18.0    6.0    7.0    9.0   10.4    6.6
2024  8 21 234  0.00   17.0   51.9  352.0  9.999E-38  2.414E+18  6.472E+17 1.486E-04  218.2  1196  1.607E+13  2.885E+16  9.999E-38  9.999E-38  238.3  238.3    7.4   18.0    6.0    7.0    9.0   10.4    6.6
2024  8 21 234  0.00   18.0   51.9  352.0  9.999E-38  2.064E+18  5.535E+17 1.271E-04  218.4  1196  1.375E+13  2.467E+16  9.999E-38  9.999E-38  238.3  238.3    7.4   18.0    6.0    7.0    9.0   10.4    6.6
2024  8 21 234  0.00   19.0   51.9  352.0  9.999E-38  1.764E+18  4.729E+17 1.086E-04  218.8  1196  1.175E+13  2.108E+16  9.999E-38  9.999E-38  238.3  238.3    7.4   18.0    6.0    7.0    9.0   10.4    6.6
2024  8 21 234  0.00   20.0   51.9  352.0  9.999E-38  1.506E+18  4.038E+17 9.270E-05  219.4  1196  1.003E+13  1.800E+16  9.999E-38  9.999E-38  238.3  238.3    7.4   18.0    6.0    7.0    9.0   10.4    6.6
2024  8 21 234  0.00   21.0   51.9  352.0  9.999E-38  1.285E+18  3.447E+17 7.913E-05  220.2  1196  8.560E+12  1.536E+16  9.999E-38  9.999E-38  238.3  238.3    7.4   18.0    6.0    7.0    9.0   10.4    6.6
2024  8 21 234  0.00   22.0   51.9  352.0  9.999E-38  1.097E+18  2.942E+17 6.754E-05  221.2  1196  7.307E+12  1.311E+16  9.999E-38  9.999E-38  238.3  238.3    7.4   18.0    6.0    7.0    9.0   10.4    6.6
2024  8 21 234  0.00   23.0   51.9  352.0  9.999E-38  9.368E+17  2.512E+17 5.767E-05  222.3  1196  6.239E+12  1.120E+16  9.999E-38  9.999E-38  238.3  238.3    7.4   18.0    6.0    7.0    9.0   10.4    6.6
2024  8 21 234  0.00   24.0   51.9  352.0  9.999E-38  8.003E+17  2.146E+17 4.926E-05  223.5  1196  5.329E+12  9.564E+15  9.999E-38  9.999E-38  238.3  238.3    7.4   18.0    6.0    7.0    9.0   10.4    6.6
2024  8 21 234  0.00   25.0   51.9  352.0  9.999E-38  6.841E+17  1.834E+17 4.211E-05  224.8  1196  4.556E+12  8.176E+15  9.999E-38  9.999E-38  238.3  238.3    7.4   18.0    6.0    7.0    9.0   10.4    6.6
2024  8 21 234  0.00   26.0   51.9  352.0  9.999E-38  5.853E+17  1.569E+17 3.603E-05  226.0  1196  3.898E+12  6.995E+15  9.999E-38  9.999E-38  238.3  238.3    7.4   18.0    6.0    7.0    9.0   10.4    6.6
2024  8 21 234  0.00   27.0   51.9  352.0  9.999E-38  5.012E+17  1.344E+17 3.085E-05  227.3  1196  3.337E+12  5.989E+15  9.999E-38  9.999E-38  238.3  238.3    7.4   18.0    6.0    7.0    9.0   10.4    6.6
2024  8 21 234  0.00   28.0   51.9  352.0  9.999E-38  4.294E+17  1.152E+17 2.643E-05  228.6  1196  2.860E+12  5.132E+15  9.999E-38  9.999E-38  238.3  238.3    7.4   18.0    6.0    7.0    9.0   10.4    6.6
2024  8 21 234  0.00   29.0   51.9  352.0  9.999E-38  3.682E+17  9.874E+16 2.267E-05  230.0  1196  2.452E+12  4.400E+15  9.999E-38  9.999E-38  238.3  238.3    7.4   18.0    6.0    7.0    9.0   10.4    6.6
2024  8 21 234  0.00   30.0   51.9  352.0  9.999E-38  3.159E+17  8.471E+16 1.945E-05  231.4  1196  2.104E+12  3.775E+15  9.999E-38  9.999E-38  238.3  238.3    7.4   18.0    6.0    7.0    9.0   10.4    6.6
2024  8 21 234  0.00   31.0   51.9  352.0  9.999E-38  2.711E+17  7.271E+16 1.669E-05  233.1  1196  1.806E+12  3.241E+15  9.999E-38  9.999E-38  238.3  238.3    7.4   18.0    6.0    7.0    9.0   10.4    6.6
2024  8 21 234  0.00   32.0   51.9  352.0  9.999E-38  2.329E+17  6.245E+16 1.434E-05  234.8  1196  1.551E+12  2.783E+15  9.999E-38  9.999E-38  238.3  238.3    7.4   18.0    6.0    7.0    9.0   10.4    6.6
2024  8 21 234  0.00   33.0   51.9  352.0  9.999E-38  2.001E+17  5.367E+16 1.232E-05  236.7  1196  1.333E+12  2.392E+15  9.999E-38  9.999E-38  238.3  238.3    7.4   18.0    6.0    7.0    9.0   10.4    6.6
2024  8 21 234  0.00   34.0   51.9  352.0  9.999E-38  1.721E+17  4.615E+16 1.059E-05  238.7  1196  1.146E+12  2.057E+15  9.999E-38  9.999E-38  238.3  238.3    7.4   18.0    6.0    7.0    9.0   10.4    6.6
2024  8 21 234  0.00   35.0   51.9  352.0  9.999E-38  1.481E+17  3.972E+16 9.118E-06  240.9  1196  9.864E+11  1.770E+15  9.999E-38  9.999E-38  238.3  238.3    7.4   18.0    6.0    7.0    9.0   10.4    6.6
2024  8 21 234  0.00   36.0   51.9  352.0  9.999E-38  1.276E+17  3.421E+16 7.853E-06  243.2  1196  8.496E+11  1.525E+15  9.999E-38  9.999E-38  238.3  238.3    7.4   18.0    6.0    7.0    9.0   10.4    6.6
2024  8 21 234  0.00   37.0   51.9  352.0  9.999E-38  1.100E+17  2.950E+16 6.771E-06  245.7  1196  7.325E+11  1.315E+15  9.999E-38  9.999E-38  238.3  238.3    7.4   18.0    6.0    7.0    9.0   10.4    6.6
2024  8 21 234  0.00   38.0   51.9  352.0  9.999E-38  9.495E+16  2.546E+16 5.845E-06  248.2  1196  6.323E+11  1.135E+15  9.999E-38  9.999E-38  238.3  238.3    7.4   18.0    6.0    7.0    9.0   10.4    6.6
2024  8 21 234  0.00   39.0   51.9  352.0  9.999E-38  8.207E+16  2.201E+16 5.052E-06  250.8  1196  5.466E+11  9.809E+14  9.999E-38  9.999E-38  238.3  238.3    7.4   18.0    6.0    7.0    9.0   10.4    6.6
2024  8 21 234  0.00   40.0   51.9  352.0  9.999E-38  7.105E+16  1.905E+16 4.374E-06  253.4  1196  4.732E+11  8.492E+14  9.999E-38  9.999E-38  238.3  238.3    7.4   18.0    6.0    7.0    9.0   10.4    6.6
2024  8 21 234  0.00   41.0   51.9  352.0  9.999E-38  6.162E+16  1.652E+16 3.793E-06  255.9  1196  4.104E+11  7.364E+14  9.999E-38  9.999E-38  238.3  238.3    7.4   18.0    6.0    7.0    9.0   10.4    6.6
2024  8 21 234  0.00   42.0   51.9  352.0  9.999E-38  5.354E+16  1.436E+16 3.296E-06  258.3  1196  3.565E+11  6.399E+14  9.999E-38  9.999E-38  238.3  238.3    7.4   18.0    6.0    7.0    9.0   10.4    6.6
2024  8 21 234  0.00   43.0   51.9  352.0  9.999E-38  4.661E+16  1.250E+16 2.869E-06  260.5  1196  3.104E+11  5.571E+14  9.999E-38  9.999E-38  238.3  238.3    7.4   18.0    6.0    7.0    9.0   10.4    6.6
2024  8 21 234  0.00   44.0   51.9  352.0  9.999E-38  4.067E+16  1.091E+16 2.503E-06  262.5  1196  2.708E+11  4.860E+14  9.999E-38  9.999E-38  238.3  238.3    7.4   18.0    6.0    7.0    9.0   10.4    6.6
2024  8 21 234  0.00   45.0   51.9  352.0  9.999E-38  3.556E+16  9.535E+15 2.189E-06  264.1  1196  2.368E+11  4.250E+14  9.999E-38  9.999E-38  238.3  238.3    7.4   18.0    6.0    7.0    9.0   10.4    6.6
2024  8 21 234  0.00   46.0   51.9  352.0  9.999E-38  3.116E+16  8.356E+15 1.918E-06  265.3  1196  2.075E+11  3.724E+14  9.999E-38  9.999E-38  238.3  238.3    7.4   18.0    6.0    7.0    9.0   10.4    6.6
2024  8 21 234  0.00   47.0   51.9  352.0  9.999E-38  2.737E+16  7.339E+15 1.685E-06  266.1  1196  1.823E+11  3.271E+14  9.999E-38  9.999E-38  238.3  238.3    7.4   18.0    6.0    7.0    9.0   10.4    6.6
2024  8 21 234  0.00   48.0   51.9  352.0  9.999E-38  2.409E+16  6.459E+15 1.483E-06  266.5  1196  1.604E+11  2.879E+14  9.999E-38  9.999E-38  238.3  238.3    7.4   18.0    6.0    7.0    9.0   10.4    6.6
2024  8 21 234  0.00   49.0   51.9  352.0  9.999E-38  2.124E+16  5.695E+15 1.307E-06  266.3  1196  1.414E+11  2.538E+14  9.999E-38  9.999E-38  238.3  238.3    7.4   18.0    6.0    7.0    9.0   10.4    6.6
2024  8 21 234  0.00   50.0   51.9  352.0  9.999E-38  1.876E+16  5.030E+15 1.155E-06  265.7  1196  1.249E+11  2.242E+14  9.999E-38  9.999E-38  238.3  238.3    7.4   18.0    6.0    7.0    9.0   10.4    6.6
2024  8 21 234  0.00   51.0   51.9  352.0  5.745E+07  1.659E+16  4.450E+15 1.021E-06  264.6  1196  1.105E+11  1.983E+14  9.999E-38  9.999E-38  238.3  238.3    7.4   18.0    6.0    7.0    9.0   10.4    6.6
2024  8 21 234  0.00   52.0   51.9  352.0  5.330E+07  1.469E+16  3.940E+15 9.045E-07  263.0  1196  9.785E+10  1.756E+14  9.999E-38  9.999E-38  238.3  238.3    7.4   18.0    6.0    7.0    9.0   10.4    6.6
2024  8 21 234  0.00   53.0   51.9  352.0  4.940E+07  1.302E+16  3.491E+15 8.015E-07  261.1  1196  8.670E+10  1.556E+14  9.999E-38  9.999E-38  238.3  238.3    7.4   18.0    6.0    7.0    9.0   10.4    6.6
2024  8 21 234  0.00   54.0   51.9  352.0  4.598E+07  1.154E+16  3.094E+15 7.102E-07  258.9  1196  7.683E+10  1.379E+14  9.999E-38  9.999E-38  238.3  238.3    7.4   18.0    6.0    7.0    9.0   10.4    6.6
2024  8 21 234  0.00   55.0   51.9  352.0  4.320E+07  1.022E+16  2.741E+15 6.291E-07  256.5  1196  6.806E+10  1.221E+14  9.999E-38  9.999E-38  238.3  238.3    7.4   18.0    6.0    7.0    9.0   10.4    6.6
2024  8 21 234  0.00   56.0   51.9  352.0  4.118E+07  9.048E+15  2.426E+15 5.570E-07  254.1  1196  6.025E+10  1.081E+14  9.999E-38  9.999E-38  238.3  238.3    7.4   18.0    6.0    7.0    9.0   10.4    6.6
2024  8 21 234  0.00   57.0   51.9  352.0  3.986E+07  8.003E+15  2.146E+15 4.926E-07  251.5  1196  5.329E+10  9.564E+13  9.999E-38  9.999E-38  238.3  238.3    7.4   18.0    6.0    7.0    9.0   10.4    6.6
2024  8 21 234  0.00   58.0   51.9  352.0  3.908E+07  7.073E+15  1.897E+15 4.354E-07  248.8  1196  4.710E+10  8.453E+13  9.999E-38  9.999E-38  238.3  238.3    7.4   18.0    6.0    7.0    9.0   10.4    6.6
2024  8 21 234  0.00   59.0   51.9  352.0  3.872E+07  6.246E+15  1.675E+15 3.845E-07  246.0  1196  4.159E+10  7.464E+13  9.999E-38  9.999E-38  238.3  238.3    7.4   18.0    6.0    7.0    9.0   10.4    6.6
2024  8 21 234  0.00   60.0   51.9  352.0  3.867E+07  5.510E+15  1.478E+15 3.392E-07  243.1  1196  3.669E+10  6.585E+13  9.999E-38  9.999E-38  238.3  238.3    7.4   18.0    6.0    7.0    9.0   10.4    6.6
2024  8 21 234  0.00   61.0   51.9  352.0  3.884E+07  4.857E+15  1.302E+15 2.990E-07  240.1  1196  3.234E+10  5.805E+13  9.999E-38  9.999E-38  238.3  238.3    7.4   18.0    6.0    7.0    9.0   10.4    6.6
2024  8 21 234  0.00   62.0   51.9  352.0  3.930E+07  4.277E+15  1.147E+15 2.633E-07  236.9  1196  2.848E+10  5.112E+13  9.999E-38  9.999E-38  238.3  238.3    7.4   18.0    6.0    7.0    9.0   10.4    6.6
2024  8 21 234  0.00   63.0   51.9  352.0  4.037E+07  3.763E+15  1.009E+15 2.316E-07  233.5  1196  2.506E+10  4.497E+13  9.999E-38  9.999E-38  238.3  238.3    7.4   18.0    6.0    7.0    9.0   10.4    6.6
2024  8 21 234  0.00   64.0   51.9  352.0  4.240E+07  3.307E+15  8.868E+14 2.036E-07  229.9  1196  2.202E+10  3.952E+13  9.999E-38  9.999E-38  238.3  238.3    7.4   18.0    6.0    7.0    9.0   10.4    6.6
2024  8 21 234  0.00   65.0   51.9  352.0  4.586E+07  2.903E+15  7.785E+14 1.787E-07  226.1  1196  1.933E+10  3.470E+13  9.999E-38  9.999E-38  238.3  238.3    7.4   18.0    6.0    7.0    9.0   10.4    6.6
2024  8 21 234  0.00   66.0   51.9  352.0  5.145E+07  2.546E+15  6.827E+14 1.567E-07  222.0  1196  1.695E+10  3.043E+13  9.999E-38  9.999E-38  238.3  238.3    7.4   18.0    6.0    7.0    9.0   10.4    6.6
2024  8 21 234  0.00   67.0   51.9  352.0  5.978E+07  2.228E+15  5.975E+14 1.372E-07  217.8  1196  1.484E+10  2.663E+13  9.999E-38  9.999E-38  238.3  238.3    7.4   18.0    6.0    7.0    9.0   10.4    6.6
2024  8 21 234  0.00   68.0   51.9  352.0  7.088E+07  1.945E+15  5.216E+14 1.197E-07  213.7  1196  1.295E+10  2.324E+13  9.999E-38  9.999E-38  238.3  238.3    7.4   18.0    6.0    7.0    9.0   10.4    6.6
2024  8 21 234  0.00   69.0   51.9  352.0  8.445E+07  1.691E+15  4.535E+14 1.041E-07  209.8  1196  1.126E+10  2.021E+13  9.999E-38  9.999E-38  238.3  238.3    7.4   18.0    6.0    7.0    9.0   10.4    6.6
2024  8 21 234  0.00   70.0   51.9  352.0  9.957E+07  1.464E+15  3.927E+14 9.014E-08  206.4  1196  9.752E+09  1.750E+13  9.999E-38  9.999E-38  238.3  238.3    7.4   18.0    6.0    7.0    9.0   10.4    6.6
2024  8 21 234  0.00   71.0   51.9  352.0  1.144E+08  1.262E+15  3.383E+14 7.767E-08  203.4  1196  8.402E+09  1.508E+13  9.999E-38  9.999E-38  238.3  238.3    7.4   18.0    6.0    7.0    9.0   10.4    6.6
2024  8 21 234  0.00   72.0   51.9  352.0  1.278E+08  1.082E+15  2.902E+14 6.662E-08  201.0  1196  7.207E+09  1.293E+13  9.999E-38  9.999E-38  238.3  238.3    7.4   18.0    6.0    7.0    9.0   10.4    6.6
2024  8 21 234  0.00   73.0   51.9  352.0  1.420E+08  9.254E+14  2.482E+14 5.697E-08  198.9  1196  6.163E+09  1.106E+13  9.999E-38  9.999E-38  238.3  238.3    7.4   18.0    6.0    7.0    9.0   10.4    6.6
2024  8 21 234  0.00   74.0   51.9  352.0  1.610E+08  7.902E+14  2.119E+14 4.864E-08  196.8  1196  5.262E+09  9.443E+12  9.999E-38  9.999E-38  238.3  238.3    7.4   18.0    6.0    7.0    9.0   10.4    6.6
2024  8 21 234  0.00   75.0   51.9  352.0  1.907E+08  6.744E+14  1.808E+14 4.151E-08  194.4  1196  4.491E+09  8.059E+12  9.999E-38  9.999E-38  238.3  238.3    7.4   18.0    6.0    7.0    9.0   10.4    6.6
2024  8 21 234  0.00   76.0   51.9  352.0  2.423E+08  5.757E+14  1.544E+14 3.544E-08  191.5  1196  3.834E+09  6.881E+12  4.692E+06  9.999E-38  238.3  238.3    7.4   18.0    6.0    7.0    9.0   10.4    6.6
2024  8 21 234  0.00   77.0   51.9  352.0  3.363E+08  4.916E+14  1.318E+14 3.026E-08  188.1  1196  3.278E+09  5.875E+12  2.014E+07  9.999E-38  238.3  238.3    7.4   18.0    6.0    7.0    9.0   10.4    6.6
2024  8 21 234  0.00   78.0   51.9  352.0  5.105E+08  4.188E+14  1.123E+14 2.578E-08  184.6  1196  2.801E+09  5.005E+12  5.488E+07  9.999E-38  238.3  238.3    7.4   18.0    6.0    7.0    9.0   10.4    6.6
2024  8 21 234  0.00   79.0   51.9  352.0  8.475E+08  3.552E+14  9.525E+13 2.187E-08  181.4  1196  2.387E+09  4.245E+12  1.077E+08  9.999E-38  238.3  238.3    7.4   18.0    6.0    7.0    9.0   10.4    6.6
2024  8 21 234  0.00   80.0   51.9  352.0  1.537E+09  2.994E+14  8.030E+13 1.843E-08  178.7  1196  2.026E+09  3.579E+12  1.666E+08  9.999E-38  238.3  238.3    7.4   18.0    6.0    7.0    9.0   10.4    6.6
2024  8 21 234  0.00   81.0   51.9  352.0  3.043E+09  2.506E+14  6.720E+13 1.543E-08  177.1  1196  1.710E+09  2.995E+12  2.167E+08  9.999E-38  238.3  238.3    7.4   18.0    6.0    7.0    9.0   10.4    6.6
2024  8 21 234  0.00   82.0   51.9  352.0  6.507E+09  2.082E+14  5.583E+13 1.282E-08  176.5  1196  1.436E+09  2.488E+12  2.485E+08  9.999E-38  238.3  238.3    7.4   18.0    6.0    7.0    9.0   10.4    6.6
2024  8 21 234  0.00   83.0   51.9  352.0  1.435E+10  1.721E+14  4.615E+13 1.060E-08  176.8  1196  1.202E+09  2.057E+12  2.604E+08  9.999E-38  238.3  238.3    7.4   18.0    6.0    7.0    9.0   10.4    6.6
2024  8 21 234  0.00   84.0   51.9  352.0  3.088E+10  1.420E+14  3.805E+13 8.740E-09  177.7  1196  1.006E+09  1.696E+12  2.563E+08  9.999E-38  238.3  238.3    7.4   18.0    6.0    7.0    9.0   10.4    6.6
2024  8 21 234  0.00   85.0   51.9  352.0  6.145E+10  1.171E+14  3.136E+13 7.208E-09  178.8  1196  8.423E+08  1.398E+12  2.415E+08  9.999E-38  238.3  238.3    7.4   18.0    6.0    7.0    9.0   10.4    6.6
2024  8 21 234  0.00   86.0   51.9  352.0  1.070E+11  9.672E+13  2.588E+13 5.954E-09  179.9  1196  7.078E+08  1.154E+12  2.214E+08  9.999E-38  238.3  238.3    7.4   18.0    6.0    7.0    9.0   10.4    6.6
2024  8 21 234  0.00   87.0   51.9  352.0  1.643E+11  8.013E+13  2.141E+13 4.933E-09  180.7  1196  5.984E+08  9.541E+11  2.002E+08  9.999E-38  238.3  238.3    7.4   18.0    6.0    7.0    9.0   10.4    6.6
2024  8 21 234  0.00   88.0   51.9  352.0  2.387E+11  6.658E+13  1.775E+13 4.099E-09  181.1  1196  5.101E+08  7.901E+11  1.795E+08  9.999E-38  238.3  238.3    7.4   18.0    6.0    7.0    9.0   10.4    6.6
2024  8 21 234  0.00   89.0   51.9  352.0  3.297E+11  5.542E+13  1.473E+13 3.413E-09  181.4  1196  4.379E+08  6.548E+11  1.602E+08  9.999E-38  238.3  238.3    7.4   18.0    6.0    7.0    9.0   10.4    6.6
2024  8 21 234  0.00   90.0   51.9  352.0  4.346E+11  4.619E+13  1.223E+13 2.846E-09  181.5  1196  3.783E+08  5.425E+11  1.426E+08  9.999E-38  238.3  238.3    7.4   18.0    6.0    7.0    9.0   10.4    6.6
2024  8 21 234  0.00   91.0   51.9  352.0  5.486E+11  3.852E+13  1.015E+13 2.375E-09  181.7  1196  3.286E+08  4.491E+11  1.267E+08  9.999E-38  238.3  238.3    7.4   18.0    6.0    7.0    9.0   10.4    6.6
2024  8 21 234  0.00   92.0   51.9  352.0  6.642E+11  3.212E+13  8.407E+12 1.983E-09  182.0  1196  2.869E+08  3.713E+11  1.125E+08  1.058E+05  238.3  238.3    7.4   18.0    6.0    7.0    9.0   10.4    6.6
2024  8 21 234  0.00   93.0   51.9  352.0  7.718E+11  2.677E+13  6.954E+12 1.656E-09  182.6  1196  2.516E+08  3.064E+11  9.984E+07  1.247E+05  238.3  238.3    7.4   18.0    6.0    7.0    9.0   10.4    6.6
2024  8 21 234  0.00   94.0   51.9  352.0  8.597E+11  2.228E+13  5.738E+12 1.381E-09  183.5  1196  2.214E+08  2.523E+11  8.855E+07  1.451E+05  238.3  238.3    7.4   18.0    6.0    7.0    9.0   10.4    6.6
2024  8 21 234  0.00   95.0   51.9  352.0  9.153E+11  1.853E+13  4.723E+12 1.151E-09  184.9  1196  1.956E+08  2.072E+11  7.841E+07  1.668E+05  238.3  238.3    7.4   18.0    6.0    7.0    9.0   10.4    6.6
2024  8 21 234  0.00   96.0   51.9  352.0  9.290E+11  1.540E+13  3.877E+12 9.581E-10  186.7  1196  1.735E+08  1.695E+11  6.926E+07  1.904E+05  238.3  238.3    7.4   18.0    6.0    7.0    9.0   10.4    6.6
2024  8 21 234  0.00   97.0   51.9  352.0  8.944E+11  1.279E+13  3.176E+12 7.967E-10  188.9  1196  1.545E+08  1.383E+11  6.105E+07  2.160E+05  238.3  238.3    7.4   18.0    6.0    7.0    9.0   10.4    6.6
2024  8 21 234  0.00   98.0   51.9  352.0  8.147E+11  1.063E+13  2.597E+12 6.617E-10  191.6  1196  1.382E+08  1.126E+11  5.373E+07  2.441E+05  238.3  238.3    7.4   18.0    6.0    7.0    9.0   10.4    6.6
2024  8 21 234  0.00   99.0   51.9  352.0  7.042E+11  8.845E+12  2.121E+12 5.489E-10  194.6  1196  1.242E+08  9.150E+10  4.723E+07  2.751E+05  238.3  238.3    7.4   18.0    6.0    7.0    9.0   10.4    6.6
2024  8 21 234  0.00  100.0   51.9  352.0  5.838E+11  7.367E+12  1.730E+12 4.551E-10  198.0  1196  1.121E+08  7.426E+10  4.149E+07  3.096E+05  238.3  238.3    7.4   18.0    6.0    7.0    9.0   10.4    6.6
2024  8 21 234  0.00  101.0   51.9  352.0  4.723E+11  6.146E+12  1.411E+12 3.774E-10  201.8  1196  1.016E+08  6.022E+10  3.643E+07  3.482E+05  238.3  238.3    7.4   18.0    6.0    7.0    9.0   10.4    6.6
2024  8 21 234  0.00  102.0   51.9  352.0  3.801E+11  5.138E+12  1.150E+12 3.135E-10  205.9  1196  9.264E+07  4.883E+10  3.198E+07  3.918E+05  238.3  238.3    7.4   18.0    6.0    7.0    9.0   10.4    6.6
2024  8 21 234  0.00  103.0   51.9  352.0  3.090E+11  4.305E+12  9.376E+11 2.609E-10  210.3  1196  8.485E+07  3.959E+10  2.810E+07  4.413E+05  238.3  238.3    7.4   18.0    6.0    7.0    9.0   10.4    6.6
2024  8 21 234  0.00  104.0   51.9  352.0  2.561E+11  3.617E+12  7.649E+11 2.178E-10  215.0  1196  7.810E+07  3.213E+10  2.472E+07  4.976E+05  238.3  238.3    7.4   18.0    6.0    7.0    9.0   10.4    6.6
2024  8 21 234  0.00  105.0   51.9  352.0  2.167E+11  3.047E+12  6.247E+11 1.824E-10  219.9  1196  7.225E+07  2.613E+10  2.178E+07  5.612E+05  238.3  238.3    7.4   18.0    6.0    7.0    9.0   10.4    6.6
2024  8 21 234  0.00  106.0   51.9  352.0  1.871E+11  2.574E+12  5.108E+11 1.532E-10  225.2  1196  6.717E+07  2.129E+10  1.922E+07  6.328E+05  238.3  238.3    7.4   18.0    6.0    7.0    9.0   10.4    6.6
2024  8 21 234  0.00  107.0   51.9  352.0  1.643E+11  2.180E+12  4.183E+11 1.291E-10  230.7  1196  6.272E+07  1.739E+10  1.700E+07  7.133E+05  238.3  238.3    7.4   18.0    6.0    7.0    9.0   10.4    6.6
2024  8 21 234  0.00  108.0   51.9  352.0  1.461E+11  1.851E+12  3.429E+11 1.092E-10  236.6  1196  5.867E+07  1.423E+10  1.506E+07  8.037E+05  238.3  238.3    7.4   18.0    6.0    7.0    9.0   10.4    6.6
2024  8 21 234  0.00  109.0   51.9  352.0  1.313E+11  1.576E+12  2.816E+11 9.254E-11  243.0  1196  5.494E+07  1.168E+10  1.333E+07  9.046E+05  238.3  238.3    7.4   18.0    6.0    7.0    9.0   10.4    6.6
2024  8 21 234  0.00  110.0   51.9  352.0  1.188E+11  1.345E+12  2.315E+11 7.866E-11  249.9  1196  5.149E+07  9.598E+09  1.179E+07  1.017E+06  238.3  238.3    7.4   18.0    6.0    7.0    9.0   10.4    6.6
2024  8 21 234  0.00  111.0   51.9  352.0  1.081E+11  1.150E+12  1.907E+11 6.704E-11  257.3  1196  4.828E+07  7.907E+09  1.044E+07  1.141E+06  238.3  238.3    7.4   18.0    6.0    7.0    9.0   10.4    6.6
2024  8 21 234  0.00  112.0   51.9  352.0  9.862E+10  9.861E+11  1.573E+11 5.728E-11  265.4  1196  4.528E+07  6.527E+09  9.235E+06  1.278E+06  238.3  238.3    7.4   18.0    6.0    7.0    9.0   10.4    6.6
2024  8 21 234  0.00  113.0   51.9  352.0  9.017E+10  8.470E+11  1.300E+11 4.906E-11  274.3  1196  4.248E+07  5.400E+09  8.171E+06  1.428E+06  238.3  238.3    7.4   18.0    6.0    7.0    9.0   10.4    6.6
2024  8 21 234  0.00  114.0   51.9  352.0  8.253E+10  7.288E+11  1.075E+11 4.210E-11  284.2  1196  3.984E+07  4.476E+09  7.228E+06  1.590E+06  238.3  238.3    7.4   18.0    6.0    7.0    9.0   10.4    6.6
2024  8 21 234  0.00  115.0   51.9  352.0  7.556E+10  6.281E+11  8.913E+10 3.621E-11  295.2  1196  3.734E+07  3.717E+09  6.392E+06  1.765E+06  238.3  238.3    7.4   18.0    6.0    7.0    9.0   10.4    6.6
2024  8 21 234  0.00  116.0   51.9  352.0  6.918E+10  5.423E+11  7.400E+10 3.120E-11  307.4  1196  3.497E+07  3.094E+09  5.650E+06  1.952E+06  238.3  238.3    7.4   18.0    6.0    7.0    9.0   10.4    6.6
2024  8 21 234  0.00  117.0   51.9  352.0  6.334E+10  4.692E+11  6.157E+10 2.695E-11  320.8  1196  3.273E+07  2.582E+09  4.994E+06  2.151E+06  238.3  238.3    7.4   18.0    6.0    7.0    9.0   10.4    6.6
2024  8 21 234  0.00  118.0   51.9  352.0  5.800E+10  4.069E+11  5.137E+10 2.334E-11  335.6  1196  3.061E+07  2.161E+09  4.414E+06  2.363E+06  238.3  238.3    7.4   18.0    6.0    7.0    9.0   10.4    6.6
2024  8 21 234  0.00  119.0   51.9  352.0  5.314E+10  3.537E+11  4.298E+10 2.027E-11  351.7  1196  2.860E+07  1.815E+09  3.904E+06  2.587E+06  238.3  238.3    7.4   18.0    6.0    7.0    9.0   10.4    6.6
2024  8 21 234  0.00  120.0   51.9  352.0  4.871E+10  3.085E+11  3.609E+10 1.766E-11  369.1  1196  2.671E+07  1.530E+09  3.455E+06  2.825E+06  238.3  238.3    7.4   18.0    6.0    7.0    9.0   10.4    6.6
2024  8 21 234  0.00  121.0   51.9  352.0  4.471E+10  2.699E+11  3.042E+10 1.544E-11  387.7  1196  2.493E+07  1.295E+09  3.061E+06  3.078E+06  238.3  238.3    7.4   18.0    6.0    7.0    9.0   10.4    6.6
2024  8 21 234  0.00  122.0   51.9  352.0  4.110E+10  2.370E+11  2.575E+10 1.356E-11  407.3  1196  2.329E+07  1.101E+09  2.715E+06  3.346E+06  238.3  238.3    7.4   18.0    6.0    7.0    9.0   10.4    6.6
2024  8 21 234  0.00  123.0   51.9  352.0  3.787E+10  2.091E+11  2.191E+10 1.196E-11  427.8  1196  2.177E+07  9.413E+08  2.412E+06  3.634E+06  238.3  238.3    7.4   18.0    6.0    7.0    9.0   10.4    6.6
2024  8 21 234  0.00  124.0   51.9  352.0  3.499E+10  1.853E+11  1.875E+10 1.060E-11  448.7  1196  2.039E+07  8.097E+08  2.149E+06  3.943E+06  238.3  238.3    7.4   18.0    6.0    7.0    9.0   10.4    6.6
2024  8 21 234  0.00  125.0   51.9  352.0  3.243E+10  1.652E+11  1.615E+10 9.451E-12  469.6  1196  1.916E+07  7.013E+08  1.921E+06  4.277E+06  238.3  238.3    7.4   18.0    6.0    7.0    9.0   10.4    6.6
2024  8 21 234  0.00  126.0   51.9  352.0  3.019E+10  1.482E+11  1.400E+10 8.479E-12  489.9  1196  1.807E+07  6.116E+08  1.724E+06  4.642E+06  238.3  238.3    7.4   18.0    6.0    7.0    9.0   10.4    6.6
2024  8 21 234  0.00  127.0   51.9  352.0  2.820E+10  1.336E+11  1.221E+10 7.650E-12  509.7  1196  1.709E+07  5.369E+08  1.554E+06  5.039E+06  238.3  238.3    7.4   18.0    6.0    7.0    9.0   10.4    6.6
2024  8 21 234  0.00  128.0   51.9  352.0  2.644E+10  1.211E+11  1.071E+10 6.937E-12  528.9  1196  1.622E+07  4.741E+08  1.406E+06  5.470E+06  238.3  238.3    7.4   18.0    6.0    7.0    9.0   10.4    6.6
2024  8 21 234  0.00  129.0   51.9  352.0  2.485E+10  1.103E+11  9.445E+09 6.319E-12  547.5  1196  1.543E+07  4.207E+08  1.277E+06  5.935E+06  238.3  238.3    7.4   18.0    6.0    7.0    9.0   10.4    6.6
2024  8 21 234  0.00  130.0   51.9  352.0  2.342E+10  1.008E+11  8.367E+09 5.781E-12  565.7  1196  1.472E+07  3.752E+08  1.163E+06  6.435E+06  238.3  238.3    7.4   18.0    6.0    7.0    9.0   10.4    6.6
2024  8 21 234  0.00  131.0   51.9  352.0  2.213E+10  9.249E+10  7.442E+09 5.308E-12  583.3  1196  1.407E+07  3.360E+08  1.062E+06  6.972E+06  238.3  238.3    7.4   18.0    6.0    7.0    9.0   10.4    6.6
2024  8 21 234  0.00  132.0   51.9  352.0  2.096E+10  8.515E+10  6.646E+09 4.891E-12  600.4  1196  1.348E+07  3.021E+08  9.728E+05  7.546E+06  238.3  238.3    7.4   18.0    6.0    7.0    9.0   10.4    6.6
2024  8 21 234  0.00  133.0   51.9  352.0  1.989E+10  7.864E+10  5.957E+09 4.521E-12  617.1  1196  1.294E+07  2.726E+08  8.932E+05  8.160E+06  238.3  238.3    7.4   18.0    6.0    7.0    9.0   10.4    6.6
2024  8 21 234  0.00  134.0   51.9  352.0  1.891E+10  7.284E+10  5.357E+09 4.192E-12  633.2  1196  1.244E+07  2.469E+08  8.221E+05  8.812E+06  238.3  238.3    7.4   18.0    6.0    7.0    9.0   10.4    6.6
2024  8 21 234  0.00  135.0   51.9  352.0  1.801E+10  6.764E+10  4.833E+09 3.897E-12  648.9  1196  1.198E+07  2.242E+08  7.584E+05  9.506E+06  238.3  238.3    7.4   18.0    6.0    7.0    9.0   10.4    6.6
2024  8 21 234  0.00  136.0   51.9  352.0  1.718E+10  6.297E+10  4.372E+09 3.632E-12  664.2  1196  1.156E+07  2.042E+08  7.011E+05  1.024E+07  238.3  238.3    7.4   18.0    6.0    7.0    9.0   10.4    6.6
2024  8 21 234  0.00  137.0   51.9  352.0  1.641E+10  5.875E+10  3.967E+09 3.392E-12  679.1  1196  1.117E+07  1.864E+08  6.493E+05  1.102E+07  238.3  238.3    7.4   18.0    6.0    7.0    9.0   10.4    6.6
2024  8 21 234  0.00  138.0   51.9  352.0  1.570E+10  5.493E+10  3.608E+09 3.176E-12  693.5  1196  1.080E+07  1.707E+08  6.026E+05  1.184E+07  238.3  238.3    7.4   18.0    6.0    7.0    9.0   10.4    6.6
2024  8 21 234  0.00  139.0   51.9  352.0  1.504E+10  5.146E+10  3.290E+09 2.979E-12  707.5  1196  1.046E+07  1.566E+08  5.602E+05  1.270E+07  238.3  238.3    7.4   18.0    6.0    7.0    9.0   10.4    6.6
2024  8 21 234  0.00  140.0   51.9  352.0  1.443E+10  4.830E+10  3.007E+09 2.800E-12  721.1  1196  1.014E+07  1.440E+08  5.217E+05  1.361E+07  238.3  238.3    7.4   18.0    6.0    7.0    9.0   10.4    6.6
2024  8 21 234  0.00  141.0   51.9  352.0  1.386E+10  4.541E+10  2.754E+09 2.636E-12  734.4  1196  9.841E+06  1.326E+08  4.866E+05  1.456E+07  238.3  238.3    7.4   18.0    6.0    7.0    9.0   10.4    6.6
2024  8 21 234  0.00  142.0   51.9  352.0  1.332E+10  4.277E+10  2.527E+09 2.486E-12  747.2  1196  9.561E+06  1.224E+08  4.546E+05  1.555E+07  238.3  238.3    7.4   18.0    6.0    7.0    9.0   10.4    6.6
2024  8 21 234  0.00  143.0   51.9  352.0  1.282E+10  4.033E+10  2.324E+09 2.348E-12  759.7  1196  9.297E+06  1.132E+08  4.253E+05  1.659E+07  238.3  238.3    7.4   18.0    6.0    7.0    9.0   10.4    6.6
2024  8 21 234  0.00  144.0   51.9  352.0  1.235E+10  3.809E+10  2.141E+09 2.221E-12  771.9  1196  9.049E+06  1.049E+08  3.985E+05  1.767E+07  238.3  238.3    7.4   18.0    6.0    7.0    9.0   10.4    6.6
2024  8 21 234  0.00  145.0   51.9  352.0  1.191E+10  3.602E+10  1.977E+09 2.104E-12  783.7  1196  8.816E+06  9.730E+07  3.739E+05  1.879E+07  238.3  238.3    7.4   18.0    6.0    7.0    9.0   10.4    6.6
2024  8 21 234  0.00  146.0   51.9  352.0  1.149E+10  3.411E+10  1.827E+09 1.996E-12  795.2  1196  8.595E+06  9.042E+07  3.513E+05  1.995E+07  238.3  238.3    7.4   18.0    6.0    7.0    9.0   10.4    6.6
2024  8 21 234  0.00  147.0   51.9  352.0  1.110E+10  3.234E+10  1.692E+09 1.895E-12  806.3  1196  8.386E+06  8.415E+07  3.305E+05  2.114E+07  238.3  238.3    7.4   18.0    6.0    7.0    9.0   10.4    6.6
2024  8 21 234  0.00  148.0   51.9  352.0  1.073E+10  3.069E+10  1.570E+09 1.802E-12  817.2  1196  8.188E+06  7.843E+07  3.113E+05  2.237E+07  238.3  238.3    7.4   18.0    6.0    7.0    9.0   10.4    6.6
2024  8 21 234  0.00  149.0   51.9  352.0  1.038E+10  2.916E+10  1.458E+09 1.715E-12  827.7  1196  8.000E+06  7.319E+07  2.936E+05  2.363E+07  238.3  238.3    7.4   18.0    6.0    7.0    9.0   10.4    6.6

